step 0 1 on left 0 0.00417246 0.00573472 0.00647985 0.674221
step 1 1 on left 0 0.0306078 0.00524293 0.00179675 0.788422
step 2 1 on left 0 0.0686636 0.00953379 0.0022844 0.742162
step 3 1 on left 0 0.0820302 0.0143637 0.00353905 0.69953
step 4 1 on left 0 0.0967733 0.0218675 0.00647721 0.622627
step 5 1 on left 0 0.0989394 0.0348773 0.0153856 0.502765
step 6 1 on left 0 0.104214 0.056154 0.0323054 0.368034
step 7 1 on left 0 0.0958394 0.076254 0.0577381 0.27241
step 8 1 on left 0 0.0933195 0.105253 0.0680206 0.257417
step 9 1 on left 0 0.09205 0.164319 0.080952 0.239349
step 10 1 on left 0 0.0926964 0.22002 0.0974994 0.208968
step 11 1 on left 0 0.103388 0.292573 0.12424 0.145176
step 12 1 on left 0 0.123082 0.322894 0.136857 0.0916991
step 13 1 on left 0 0.150564 0.387422 0.176362 0.040154
step 14 1 on left 0 0.179889 0.418883 0.173693 0.0254005
step 15 1 on left 0 0.188795 0.407342 0.166598 0.0244463
step 16 1 on left 0 0.207412 0.401053 0.157449 0.01911
step 17 1 on left 0 0.22026 0.376725 0.14671 0.0186961
step 18 1 on left 0 0.221086 0.352092 0.152928 0.016609
step 19 1 on left 0 0.195686 0.308836 0.163125 0.014139
step 20 1 on left 0 0.153939 0.250586 0.169327 0.0149313
step 21 1 on left 0 0.103679 0.18188 0.177755 0.0168865
step 22 1 on left 0 0.0668914 0.118456 0.163411 0.021009
step 23 1 on left 0 0.0480402 0.0752195 0.127788 0.033507
step 24 1 on left 0 0.0469903 0.0680385 0.117981 0.038817
step 25 1 on left 0 0.0480946 0.0688863 0.12059 0.0380433
step 26 1 on left 0 0.0479792 0.0701289 0.121885 0.0373382
step 27 1 on left 0 0.0521517 0.0714644 0.123528 0.0380132
step 28 1 on left 0 0.0546592 0.0702323 0.117345 0.0422338
step 29 1 on left 0 0.0563575 0.0705229 0.116191 0.0439628
step 30 1 on left 0 0.0574184 0.0685648 0.104441 0.0561862
step 31 1 on left 0 0.0550744 0.065259 0.10824 0.0529177
