step 0 3 at top 1 0.0574121 0.00210666 0.00225953 0.574331
step 1 3 at top 1 0.0834639 0.00379081 0.00119695 0.662796
step 2 3 at top 1 0.0702467 0.00257452 0.000774815 0.684489
step 3 3 at top 1 0.0449541 0.00172402 0.00062256 0.696353
step 4 3 at top 1 0.0349839 0.00136306 0.000667268 0.680156
step 5 3 at top 1 0.0465506 0.0024754 0.00195096 0.592965
step 6 3 at top 1 0.0705283 0.0045239 0.0036866 0.544941
step 7 3 at top 1 0.082299 0.00534725 0.00476298 0.51942
step 8 3 at top 1 0.130019 0.00912802 0.00761679 0.465891
step 9 3 at top 1 0.194249 0.0184651 0.0143405 0.378711
step 10 3 at top 1 0.23178 0.0318523 0.0235167 0.309512
step 11 3 at top 1 0.260633 0.0481735 0.0299257 0.250201
step 12 3 at top 1 0.368607 0.0695993 0.030166 0.168203
step 13 3 at top 1 0.444633 0.0877172 0.0278871 0.104424
step 14 3 at top 1 0.509117 0.0927562 0.0232243 0.0629427
step 15 3 at top 1 0.539299 0.0895987 0.0212577 0.0371286
step 16 3 at top 1 0.554061 0.0902664 0.0166001 0.0267725
step 17 3 at top 1 0.551847 0.0902534 0.0146023 0.0245869
step 18 3 at top 1 0.542866 0.0940185 0.0137335 0.0247021
step 19 3 at top 1 0.554536 0.0908552 0.0127764 0.0241826
step 20 3 at top 1 0.521466 0.0986661 0.0117527 0.0219745
step 21 3 at top 1 0.455902 0.103775 0.0166971 0.0210768
step 22 3 at top 1 0.393816 0.110067 0.0202992 0.0208057
step 23 3 at top 1 0.339494 0.113044 0.0257782 0.0210581
step 24 3 at top 1 0.283779 0.115027 0.0336224 0.023741
step 25 3 at top 1 0.263529 0.112475 0.0378165 0.0246204
step 26 3 at top 1 0.169122 0.10478 0.0565919 0.024092
step 27 3 at top 1 0.114569 0.0905574 0.0705363 0.0221192
step 28 3 at top 1 0.0910416 0.0786547 0.0753791 0.0227195
step 29 3 at top 1 0.0708773 0.0686806 0.0851008 0.0265049
step 30 3 at top 1 0.065091 0.0658392 0.0908299 0.0308678
step 31 3 at top 1 0.064315 0.0643707 0.091704 0.0309179
